14 
1   0.00000000   0.00000000   0.00000000
2   5.00000000   0.00000000   0.00000000
3  10.00000000   0.00000000   0.00000000
4   0.00000000   5.00000000   0.00000000
5   5.00000000   5.00000000   0.00000000
6  10.00000000   5.00000000   0.00000000
7   2.50000000   0.00000000   4.00000000
8   7.50000000   0.00000000   4.00000000
9   2.50000000   5.00000000   4.00000000
10   7.50000000   5.00000000   4.00000000
11  15.00000000   0.00000000   0.00000000
12  15.00000000   5.00000000   0.00000000
13  12.50000000   0.00000000   4.00000000
14  12.50000000   5.00000000   4.00000000
