14 
1   0.00000000   0.00000000   0.00000000
2   5.00000000   0.00000000   0.00000000
3  10.00000000   0.00000000   0.00000000
4  15.00000000   0.00000000   0.00000000
5   0.00000000   5.00000000   0.00000000
6   5.00000000   5.00000000   0.00000000
7  10.00000000   5.00000000   0.00000000
8  15.00000000   5.00000000   0.00000000
9   2.50000000   0.00000000   3.50000000
10   7.50000000   0.00000000   5.00000000
11  12.50000000   0.00000000   3.50000000
12   2.50000000   5.00000000   3.50000000
13   7.50000000   5.00000000   5.00000000
14  12.50000000   5.00000000   3.50000000
