82 
1 1 2
2 1 4
3 3 2
4 4 3
5 1 5
6 7 2
7 7 5
8 3 6
9 6 7
10 6 8
11 8 5
12 8 4
13 6 11
14 7 10
15 5 9
16 8 12
17 11 12
18 11 10
19 10 9
20 9 12
21 11 15
22 10 14
23 9 13
24 12 16
25 15 16
26 16 13
27 13 14
28 14 15
29 24 15
30 14 23
31 10 21
32 21 23
33 23 24
34 22 24
35 22 21
36 11 22
37 16 20
38 13 19
39 20 19
40 12 18
41 9 17
42 18 17
43 17 19
44 18 20
45 21 27
46 23 27
47 28 24
48 28 22
49 27 28
50 17 25
51 19 25
52 20 26
53 18 26
54 25 26
55 1 7
56 7 9
57 9 14
58 3 8
59 8 11
60 11 16
61 1 8
62 8 9
63 9 16
64 3 7
65 7 11
66 11 14
67 14 21
68 24 11
69 16 18
70 9 19
71 12 17
72 17 26
73 10 22
74 22 27
75 12 10
76 15 23
77 23 28
78 15 13
79 13 20
80 20 25
81 6 5
82 4 2
