28 
1   0.50000000   0.50000000   0.00000000
2   0.50000000  -0.50000000   0.00000000
3  -0.50000000  -0.50000000   0.00000000
4  -0.50000000   0.50000000   0.00000000
5   0.50000000   0.50000000   1.00000000
6  -0.50000000  -0.50000000   1.00000000
7   0.50000000  -0.50000000   1.00000000
8  -0.50000000   0.50000000   1.00000000
9   0.50000000   0.50000000   2.00000000
10   0.50000000  -0.50000000   2.00000000
11  -0.50000000  -0.50000000   2.00000000
12  -0.50000000   0.50000000   2.00000000
13   0.50000000   0.50000000   3.00000000
14   0.50000000  -0.50000000   3.00000000
15  -0.50000000  -0.50000000   3.00000000
16  -0.50000000   0.50000000   3.00000000
17   0.50000000   1.50000000   2.20000000
18  -0.50000000   1.50000000   2.20000000
19   0.50000000   1.50000000   2.80000000
20  -0.50000000   1.50000000   2.80000000
21   0.50000000  -1.50000000   2.20000000
22  -0.50000000  -1.50000000   2.20000000
23   0.50000000  -1.50000000   2.80000000
24  -0.50000000  -1.50000000   2.80000000
25   0.50000000   2.00000000   2.50000000
26  -0.50000000   2.00000000   2.50000000
27   0.50000000  -2.00000000   2.50000000
28  -0.50000000  -2.00000000   2.50000000
